5 -5.12610039101 0.975076764079 1.0 -5.6160034067 3.49062520858 1.0 -6.42356552056 5.92287362798 1.0 4.79179974722 2.25384838092 0.0 4.05694522369 6.02717104767 0.0 , 10.3633045635 2.10524613886 1.63894463757 
6 -5.47907551957 1.9337978071 1.0 -6.28663763343 4.36604622649 1.0 -7.39859869789 6.67505716898 1.0 4.92872763434 0.697020979441 0.0 4.19387311082 4.47034364619 0.0 2.98252994003 8.11871627529 0.0 , 10.2890461807 3.72474873882 1.71238457306 
5 -5.19848666031 0.354150111626 1.0 -6.00604877417 2.78639853102 1.0 -7.11800983862 5.09540947351 1.0 4.47446197008 2.89069595072 0.0 3.26311879929 6.53906857982 0.0 , 10.138874485 5.15791577957 1.76250906724 
6 -5.66014347851 1.24203391371 1.0 -6.77210454296 3.5510448562 1.0 -8.17020618807 5.69890442594 1.0 4.82036726574 1.3463313334 0.0 3.60902409495 4.9947039625 0.0 1.94108249828 8.45822037624 0.0 , 9.60030073787 6.72494455143 1.83005724475 
4 -6.31179642289 2.01231776589 1.0 -7.709898068 4.16017733564 1.0 4.06933221502 3.45597687219 0.0 2.40139061834 6.91949328593 0.0 , 9.23541497895 8.04168832459 1.8918279808 
6 -5.7744140026 0.520470620004 1.0 -7.17251564771 2.66833018975 1.0 -8.83380108311 4.619770592 1.0 4.60671463532 1.96412972631 0.0 2.93877303864 5.42764614004 0.0 0.841620570974 8.64943549466 0.0 , 8.75383959256 9.83371736228 1.96298708675 
5 -6.54113054051 1.19854927701 1.0 -8.20241597592 3.14998967926 1.0 5.23809974251 0.49434881357 0.0 3.57015814583 3.95786522731 0.0 1.47300567817 7.17965458193 0.0 , 8.06045294753 11.3981358105 2.01421149646 
5 -7.46595183311 1.758114444 1.0 -9.36314279789 3.48109308129 1.0 4.30662228864 2.56598999205 0.0 2.20946982098 5.78777934667 0.0 -0.282458332128 8.71493995003 0.0 , 7.25570254029 12.7750584182 2.08664600221 
5 -6.68507997264 0.386865983875 1.0 -8.58227093742 2.10984462117 1.0 5.08749414911 1.19474153192 0.0 2.99034168145 4.41653088654 0.0 0.498413528341 7.34369148991 0.0 , 6.57802886215 14.033529519 2.15571458946 
4 -7.66554582182 0.81524655808 1.0 3.90706679705 3.12193282346 0.0 1.41513864394 6.04909342682 0.0 -1.43064780323 8.63356138276 0.0 , 5.36993240569 15.3582072912 2.20285550908 
4 -8.76743687904 1.02234756824 1.0 4.90712041079 1.86280822287 0.0 2.41519225769 4.78996882624 0.0 -0.430594189484 7.37443678217 0.0 , 4.5269723331 16.5723344331 2.26824373067 
4 5.95332555616 0.71090813435 0.0 3.46139740306 3.63806873772 0.0 0.615610955888 6.22253669365 0.0 -2.53730605056 8.42187510977 0.0 , 3.69294829971 17.7750086321 2.33035319898 
3 4.59681772505 2.51456894896 0.0 1.75103127788 5.0990369049 0.0 -1.40188572857 7.29837532102 0.0 , 2.23516772813 18.9419221904 2.39181826633 
4 5.79435629048 1.48400285033 0.0 2.94856984331 4.06847080626 0.0 -0.204347163132 6.26780922238 0.0 -3.61262391878 8.0459050227 0.0 , 1.283494647 19.9541302998 2.4727127085 
4 7.05935744715 0.518861262568 0.0 4.21357099998 3.1033292185 0.0 1.06065399353 5.30266763462 0.0 -2.34762276211 7.08076343494 0.0 , 0.218301999411 20.8895033976 2.52598719184 
4 5.51773233226 2.21169428261 0.0 2.36481532581 4.41103269873 0.0 -1.04346142983 6.18912849905 0.0 -4.65113412457 7.51678539967 0.0 , -1.26421165247 21.7040781741 2.56629324443 
4 6.87605410446 1.43441890204 0.0 3.72313709801 3.63375731816 0.0 0.314860342368 5.41185311848 0.0 -3.29281235237 6.7395100191 0.0 , -2.7753330931 22.5771626784 2.65178978282 
5 8.31950780613 0.701465401661 0.0 5.16659079968 2.90080381778 0.0 1.75831404404 4.67889961809 0.0 -1.84935865071 6.00655651872 0.0 -5.59718939863 6.86197443005 0.0 , -4.12615177457 23.1542043399 2.70386212624 
5 9.77358220561 0.103236610138 0.0 6.62066519917 2.30257502626 0.0 3.21238844352 4.08067082657 0.0 -0.395284251217 5.4083277272 0.0 -4.14311499915 6.26374563853 0.0 , -5.46302141756 23.9283513151 2.78044434875 
5 8.1254345949 1.77069616369 0.0 4.71715783925 3.54879196401 0.0 1.10948514451 4.87644886463 0.0 -2.63834560342 5.73186677596 0.0 -6.46479512727 6.10099975955 0.0 , -6.9832376203 24.3390583333 2.84406098946 
5 9.66612198097 1.37630675326 0.0 6.25784522533 3.15440255357 0.0 2.65017253059 4.4820594542 0.0 -1.09765821734 5.33747736553 0.0 -4.92410774119 5.70661034912 0.0 , -8.59325929554 24.775567411 2.90779144825 
5 7.81677885996 2.80580844522 0.0 4.20910616522 4.13346534584 0.0 0.461275417286 4.98888325718 0.0 -3.36517410657 5.35801624076 0.0 -7.20741221095 5.23480314322 0.0 , -10.0352677553 25.1564543027 2.94967472833 
5 9.37602258501 2.60209383163 0.0 5.76834989027 3.92975073225 0.0 2.02051914234 4.78516864359 0.0 -1.80593038151 5.15430162718 0.0 -5.64816848589 5.03108852963 0.0 , -11.5602996455 25.4516273372 3.03157228842 
5 7.33370240462 3.79053462659 0.0 3.58587165669 4.64595253793 0.0 -0.240577867164 5.01508552151 0.0 -4.08281597154 4.89187242397 0.0 -7.877753213 4.27833640095 0.0 , -13.2238687559 25.3672810941 3.08929525248 
6 6.07085337468 -5.82349231684 1.0 3.57229954273 -5.25321370929 1.0 1.0213331935 -5.00712505356 1.0 -1.54015887609 -5.08926711859 1.0 -4.07011703706 -5.49829113394 1.0 -6.52699944636 -6.22748093658 1.0 , -14.9856782302 25.3218373341 3.148196729 
6 7.66000029718 -5.74559908418 1.0 5.16144646523 -5.17532047662 1.0 2.610480116 -4.9292318209 1.0 0.0489880464099 -5.01137388593 1.0 -2.48097011456 -5.42039790127 1.0 -4.93785252386 -6.14958770392 1.0 , -16.6086233139 25.4274211753 3.21657180758 
6 6.74334029974 -4.98598791614 1.0 4.1923739505 -4.73989926042 1.0 1.63088188091 -4.82204132545 1.0 -0.899076280059 -5.23106534079 1.0 -3.35595868936 -5.96025514344 1.0 -5.69942340575 -6.99763745697 1.0 , -18.2545940192 25.318404852 3.29435411189 
6 8.30950679694 -4.70718386878 1.0 5.7585404477 -4.46109521306 1.0 3.19704837812 -4.54323727809 1.0 0.667090217142 -4.95226129343 1.0 -1.78979219216 -5.68145109608 1.0 -4.13325690855 -6.71883340961 1.0 , -19.8253565366 24.9261606564 3.34855216968 
6 7.29726715733 -4.1017461858 1.0 4.73577508774 -4.18388825083 1.0 2.20581692677 -4.59291226618 1.0 -0.251065482529 -5.32210206882 1.0 -2.59453019892 -6.35948438235 1.0 -4.78609759655 -7.68802541787 1.0 , -21.1051185047 24.5354012899 3.40761683187 
6 8.81831772031 -3.62414447836 1.0 6.25682565072 -3.70628654339 1.0 3.72686748975 -4.11531055874 1.0 1.26998508045 -4.84450036138 1.0 -1.07347963594 -5.88188267492 1.0 -3.26504703357 -7.21042371044 1.0 , -22.8605920467 24.1808362968 3.47874784011 
6 7.74464748217 -3.13815839138 1.0 5.2146893212 -3.54718240673 1.0 2.7578069119 -4.27637220937 1.0 0.414342195511 -5.31375452291 1.0 -1.77722520212 -6.64229555843 1.0 -3.7809098049 -8.24018070886 1.0 , -24.1444484075 23.4819907512 3.51485415524 
7 9.16520866027 -2.47781342143 1.0 6.63525049929 -2.88683743678 1.0 4.17836808999 -3.61602723942 1.0 1.8349033736 -4.65340955295 1.0 -0.356664024022 -5.98195058848 1.0 -2.36034862681 -7.57983573891 1.0 -9.08335752942 -0.177055768155 0.0 , -25.4932919322 22.8830054616 3.59629120193 
6 8.05975552506 -2.15338507284 1.0 5.60287311576 -2.88257487549 1.0 3.25940839937 -3.91995718902 1.0 1.06784100174 -5.24849822454 1.0 -0.935843601042 -6.84638337497 1.0 -2.7187449632 -8.68737541032 1.0 , -26.9340767174 22.1907550299 3.66658279546 
7 9.4159961452 -1.31279823055 1.0 6.9591137359 -2.04198803319 1.0 4.61564901951 -3.07937034672 1.0 2.42408162188 -4.40791138224 1.0 0.420397019101 -6.00579653268 1.0 -1.36250434305 -7.84678856803 1.0 -8.97696392675 -1.36450461495 0.0 , -28.4287236951 21.32603676 3.7237176648 
7 8.24819822213 -1.11650421122 1.0 5.90473350574 -2.15388652476 1.0 3.71316610811 -3.48242756028 1.0 1.70948150533 -5.08031271071 1.0 -0.0734198568278 -6.92130474606 1.0 -1.60626278728 -8.97517462801 1.0 -7.68787944052 -0.439020792985 0.0 , -29.7224466085 20.1472932818 3.79460601036 
7 9.45549170342 -0.139002981026 1.0 7.11202698703 -1.17638529456 1.0 4.9204595894 -2.50492633008 1.0 2.91677498662 -4.10281148051 1.0 1.13387362446 -5.94380351587 1.0 -0.398969305994 -7.99767339781 1.0 -8.77985035491 -2.5423243857 0.0 , -30.8048559842 19.3608145119 3.85511583961 
7 8.29040162242 -0.0747279532455 1.0 6.0988342248 -1.40326898877 1.0 4.09514962201 -3.0011541392 1.0 2.31224825986 -4.84214617455 1.0 0.779405329402 -6.89601605649 1.0 -0.478209930809 -9.12903929835 1.0 -7.60147571952 -1.44066704439 0.0 , -31.8787931926 18.2691435094 3.91985092983 
7 7.20448964834 -0.278064643138 1.0 5.20080504556 -1.87594979357 1.0 3.4179036834 -3.71694182892 1.0 1.88506075295 -5.77081171087 1.0 0.627445492735 -8.00383495273 1.0 -6.49582029597 -0.31546269876 0.0 -8.38224318629 -3.66499756155 0.0 , -33.0656967409 17.1908886151 3.97031687285 
6 6.21198716465 -0.654373713488 1.0 4.42908580249 -2.49536574884 1.0 2.89624287203 -4.54923563078 1.0 1.63862761182 -6.78225887264 1.0 0.676890029658 -9.15776929452 1.0 -7.3710610672 -2.44342148147 0.0 , -34.1106147158 15.9051610144 4.04661902044 
6 5.37784593143 -1.20021169588 1.0 3.84500300098 -3.25408157783 1.0 2.58738774077 -5.48710481969 1.0 1.6256501586 -7.86261524157 1.0 -6.42230093826 -1.14826742851 0.0 -7.86490731151 -4.71153306133 0.0 , -34.8896695237 14.7448966271 4.11139801659 
5 4.69047770562 -1.93790244806 1.0 3.4328624454 -4.17092568992 1.0 2.47112486324 -6.5464361118 1.0 1.82105666363 -9.02542789824 1.0 -7.01943260687 -3.39535393156 0.0 , -35.8545126324 13.228140685 4.17275157889 
6 5.45204845801 -0.546989524611 1.0 4.1944331978 -2.78001276647 1.0 3.23269561563 -5.15552318835 1.0 2.58262741602 -7.63451497479 1.0 -6.25786185447 -2.00444100811 0.0 -7.23296415389 -5.72292868778 0.0 , -36.6931855202 11.8229130158 4.24098445708 
6 4.8799475492 -1.34668114765 1.0 3.91820996703 -3.72219156953 1.0 3.26814176743 -6.20118335597 1.0 2.94041705224 -8.74295153039 1.0 -5.57234750307 -0.571109389293 0.0 -6.54744980248 -4.28959706896 0.0 , -37.5118355624 10.5250531784 4.27782507255 
5 4.51717770891 -2.25639381487 1.0 3.8671095093 -4.73538560132 1.0 3.53938479411 -7.27715377573 1.0 -5.94848206061 -2.8237993143 0.0 -6.44006913339 -6.63645157592 0.0 , -38.0013057364 8.97457009582 4.37383063014 
6 4.99989988237 -0.758231243344 1.0 4.34983168276 -3.23722302979 1.0 4.02210696757 -5.7789912042 1.0 4.02210696757 -8.34180000343 1.0 -5.46575988715 -1.32563674278 0.0 -5.95734695993 -5.1382890044 0.0 , -38.3602883674 7.68606626468 4.44648245393 
5 4.74951342219 -1.67508902728 1.0 4.42178870701 -4.21685720169 1.0 4.42178870701 -6.77966600092 1.0 -5.5576652205 -3.57615500188 0.0 -5.5576652205 -7.42036820073 0.0 , -38.8385946315 5.8699812967 4.48142359429 
6 5.05785887695 -0.130126674371 1.0 4.73013416176 -2.67189484878 1.0 4.73013416176 -5.23470364801 1.0 5.05785887695 -7.77647182243 1.0 -5.24931976574 -2.03119264898 0.0 -5.24931976574 -5.87540584782 0.0 , -39.1533678835 4.50926543363 4.55009406852 
6 4.93389974759 -1.09624211135 1.0 4.93389974759 -3.65905091058 1.0 5.26162446278 -6.20081908499 1.0 -5.04555417991 -0.455539911545 0.0 -5.04555417991 -4.29975311039 0.0 -4.55396710713 -8.11240537201 0.0 , -39.288298346 2.87091182257 4.61361552174 
5 5.037266074 -2.06106728026 1.0 5.36499078919 -4.60283545467 1.0 6.01505898879 -7.08182724112 1.0 -4.9421878535 -2.70176948007 0.0 -4.45060078072 -6.51442174169 0.0 , -39.4371423858 1.41024017964 4.66229372467 
6 5.03225173157 -0.485415060436 1.0 5.35997644675 -3.02718323485 1.0 6.01004464636 -5.50617502129 1.0 -4.94720219593 -1.12611726024 0.0 -4.45561512316 -4.93876952186 0.0 -3.48051282374 -8.65725720153 0.0 , -39.4485727467 -0.250511240331 4.75451816183 
5 5.26080602531 -1.45460015708 1.0 5.91087422492 -3.93359194352 1.0 6.87261180708 -6.3091023654 1.0 -4.5547855446 -3.36618644409 0.0 -3.57968324519 -7.08467412376 0.0 , -39.4268418143 -2.06481379911 4.81162777827 
5 5.71311657905 -2.34444861935 1.0 6.67485416121 -4.71995904122 1.0 -4.75254319047 -1.77704311991 0.0 -3.77744089106 -5.49553079958 0.0 -2.33483451781 -9.0587964324 0.0 , -39.0556863159 -3.57714614777 4.86604874005 
6 5.39910499799 -0.809790894261 1.0 6.36084258016 -3.18530131614 1.0 7.61845784037 -5.418324558 1.0 -5.06655477153 -0.242385394829 0.0 -4.09145247211 -3.9608730745 0.0 -2.64884609887 -7.52413870731 0.0 , -38.8479911609 -5.14954874348 4.95834473611 
5 5.94734072222 -1.62476251849 1.0 7.20495598244 -3.85778576035 1.0 -4.50495433005 -2.40033427684 0.0 -3.0623479568 -5.96359990966 0.0 -1.17592506648 -9.31313477245 0.0 , -38.4841875746 -6.56149100044 5.00794842787 
6 5.46659084685 -0.13223365826 1.0 6.72420610706 -2.36525690012 1.0 8.25704903752 -4.41912678206 1.0 -4.98570420542 -0.907805416617 0.0 -3.54309783217 -4.47107104944 0.0 -1.65667494185 -7.82060591223 0.0 , -37.9635210091 -7.87464012968 5.07075243559 
5 6.13493116199 -0.887645481728 1.0 7.66777409244 -2.94151536367 1.0 -4.13237277725 -2.99345963104 0.0 -2.24594988693 -6.34299449383 0.0 0.0533145087508 -9.42379931675 0.0 , -37.4612681475 -9.56227028976 5.13597422164 
5 6.9825869207 -1.48490566758 1.0 8.76548828285 -3.32589770293 1.0 -4.81755994899 -1.53684993495 0.0 -2.93113705868 -4.88638479774 0.0 -0.631872662995 -7.96718962066 0.0 , -36.7137022328 -10.7805249185 5.18972613393 
6 6.22831762821 -0.133014904732 1.0 8.01121899037 -1.97400694008 1.0 -5.57182924148 -0.184959172103 0.0 -3.68540635116 -3.53449403489 0.0 -1.38614195548 -6.61529885781 0.0 1.28821008775 -9.37678691084 0.0 , -35.9237892509 -12.2529280225 5.26784963867 
5 7.14736834552 -0.625467728466 1.0 9.1510529483 -2.2233528789 1.0 -4.54925699601 -2.18595482328 0.0 -2.24999260033 -5.26675964619 0.0 0.424359442906 -8.02824769922 0.0 , -35.0378373549 -13.5420586506 5.31455739692 
5 8.19417022532 -0.960125821084 1.0 -5.506139719 -0.922727765461 0.0 -3.20687532332 -4.00353258838 0.0 -0.532523280081 -6.7650206414 0.0 2.47300362409 -9.16184836705 0.0 , -34.1674695894 -15.035181162 5.38702922982 
4 9.39015903179 -1.08011414251 1.0 -4.20245391447 -2.79497987428 0.0 -1.52810187124 -5.5564679273 0.0 1.47742503294 -7.95329565295 0.0 , -33.1458864499 -16.1978941592 5.45377829581 
4 -5.31690482033 -1.60874747263 0.0 -2.6425527771 -4.37023552566 0.0 0.362974127077 -6.76706325131 0.0 3.65032522352 -8.75987480459 0.0 , -32.1542132245 -17.2876984152 5.49795749352 
4 -6.46328693215 -0.564396008876 0.0 -3.78893488892 -3.3258840619 0.0 -0.783407984744 -5.72271178755 0.0 2.5039431117 -7.71552334083 0.0 , -30.9473539494 -18.4606668169 5.57345399779 
4 -5.03159317453 -2.32165687913 0.0 -2.02606627036 -4.71848460478 0.0 1.26128482608 -6.71129615806 0.0 4.77648190067 -8.26736962837 0.0 , -29.7390734716 -19.5996509239 5.61717181755 
4 -6.33069814455 -1.39903708837 0.0 -3.32517124038 -3.79586481402 0.0 -0.0378201439401 -5.7886763673 0.0 3.47737693065 -7.34474983761 0.0 , -28.2883368981 -20.3808292699 5.70102378873 
5 -7.68447216288 -0.568435906621 0.0 -4.67894525871 -2.96526363227 0.0 -1.39159416227 -4.95807518555 0.0 2.12360291232 -6.51414865585 0.0 5.80892652627 -7.60793335982 0.0 , -27.051720127 -21.1519331152 5.75560902408 
4 -6.06119078004 -2.19774662613 0.0 -2.7738396836 -4.19055817941 0.0 0.741357390983 -5.74663164971 0.0 4.42668100493 -6.84041635367 0.0 , -25.5853507675 -21.8833795609 5.82575233565 
5 -7.50906999936 -1.53529147655 0.0 -4.22171890292 -3.52810302983 0.0 -0.706521828336 -5.08417650013 0.0 2.97880178561 -6.17796120409 0.0 6.77373902707 -6.79149722712 0.0 , -24.1280325462 -22.6802608789 5.90611381381 
5 -8.9970812 -0.966607871075 0.0 -5.70973010356 -2.95941942436 0.0 -2.19453302897 -4.51549289466 0.0 1.49079058498 -5.60927759862 0.0 5.28572782644 -6.22281362164 0.0 , -22.6694942071 -23.0940268877 5.94274488962 
5 -7.19922416551 -2.49215145021 0.0 -3.68402709092 -4.04822492052 0.0 0.00129652303032 -5.14200962448 0.0 3.79623376449 -5.7555456475 0.0 7.63847186887 -5.87875874504 0.0 , -21.1428373376 -23.563366675 6.02322442189 
5 -8.76809240342 -2.13210541202 0.0 -5.25289532883 -3.68817888232 0.0 -1.56757171488 -4.78196358628 0.0 2.22736552658 -5.3954996093 0.0 6.06960363096 -5.51871270685 0.0 , -19.6779421081 -23.987530533 6.08480492862 
5 -6.78824464627 -3.41295495099 0.0 -3.10292103232 -4.50673965495 0.0 0.692016209143 -5.12027567797 0.0 4.53425431352 -5.24348877552 0.0 8.36070383737 -4.87435579193 0.0 , -18.0883504972 -24.2179876077 6.13085491745 
5 -8.36774227449 -3.22281021458 0.0 -4.68241866054 -4.31659491854 0.0 -0.887481419082 -4.93013094157 0.0 2.9547566853 -5.05334403911 0.0 6.78120620915 -4.68421105552 0.0 , -16.3188113041 -24.6288251378 6.20359982074 
5 -6.27567147234 -4.2360113078 0.0 -2.48073423088 -4.84954733082 0.0 1.3615038735 -4.97276042836 0.0 5.18795339735 -4.60362744478 0.0 8.93578414528 -3.74820953344 0.0 , -14.9097389827 -24.4649789086 6.26085122529 
6 -5.64193813371 5.48981694577 1.0 -3.11197997273 5.08079293042 1.0 -0.550487903147 4.99865086539 1.0 2.00047844609 5.24473952112 1.0 4.49903227804 5.81501812867 1.0 6.90414740787 6.70012272909 1.0 , -13.2182461556 -24.462884068 6.3417408896 
6 -7.2176407589 5.3395589403 1.0 -4.68768259793 4.93053492495 1.0 -2.12619052834 4.84839285992 1.0 0.424775820892 5.09448151564 1.0 2.92332965285 5.6647601232 1.0 5.32844478267 6.54986472362 1.0 , -11.791323309 -24.3712843231 6.38519415891 
6 -6.25818129639 4.71836207986 1.0 -3.6966892268 4.63622001483 1.0 -1.14572287757 4.88230867055 1.0 1.35283095438 5.45258727811 1.0 3.75794608421 6.33769187852 1.0 6.03013058797 7.52308907873 1.0 , -10.08801173 -24.0865766977 6.45613926438 
6 -7.79978535337 4.39859124526 1.0 -5.23829328378 4.31644918023 1.0 -2.68732693455 4.56253783596 1.0 -0.188773102593 5.13281644351 1.0 2.21634202723 6.01792104393 1.0 4.488526531 7.20331824414 1.0 , -8.68535428384 -23.7490763807 6.53441079361 
6 -6.79705583322 3.92123591931 1.0 -4.24608948398 4.16732457503 1.0 -1.74753565203 4.73760318259 1.0 0.657579477798 5.62270778301 1.0 2.92976398156 6.80810498322 1.0 5.03170865253 8.27433059396 1.0 , -7.0407696003 -23.3990143418 6.59101800211 
6 -8.29684803986 3.36875291244 1.0 -5.74588169063 3.61484156816 1.0 -3.24732785868 4.18512017572 1.0 -0.842212728849 5.07022477614 1.0 1.42997177491 6.25562197634 1.0 3.53191644588 7.72184758709 1.0 , -5.61782958063 -22.8945104524 6.6337007919 
6 -7.19582444491 2.98757026106 1.0 -4.69727061295 3.55784886862 1.0 -2.29215548313 4.44295346903 1.0 -0.0199709793644 5.62835066924 1.0 2.0819736916 7.09457627999 1.0 3.97916465638 8.81755491728 1.0 , -4.17319003755 -22.1434547956 6.70964226431 
7 -8.60793323415 2.2925766521 1.0 -6.1093794022 2.86285525966 1.0 -3.70426427237 3.74795986007 1.0 -1.43207976861 4.93335706028 1.0 0.669864902357 6.39958267103 1.0 2.56705586714 8.12256130832 1.0 9.75054936811 1.16573580228 0.0 , -2.65909494328 -21.5632749845 6.77515737174 
7 -7.50132032799 2.07465531733 1.0 -5.09620519816 2.95975991775 1.0 -2.8240206944 4.14515711796 1.0 -0.722076023438 5.61138272871 1.0 1.17511494134 7.334361366 1.0 2.83640037675 9.28580176824 1.0 8.35860844232 0.377535859962 0.0 , -1.13239250075 -20.6500584424 6.85208717865 
7 -8.81410382821 1.2001268963 1.0 -6.40898869838 2.08523149672 1.0 -4.13680419462 3.27062869693 1.0 -2.03485952365 4.73685430767 1.0 -0.137668558872 6.45983294496 1.0 1.52361687653 8.41127334721 1.0 9.53775309521 2.4301680423 0.0 , -0.0458590834275 -20.0420948075 6.88562412272 
7 -7.66315378055 1.10339958675 1.0 -5.39096927679 2.28879678696 1.0 -3.28902460582 3.75502239771 1.0 -1.39183364104 5.478001035 1.0 0.269451794361 7.42944143725 1.0 1.66755343947 9.57730100699 1.0 8.28358801304 1.44833613233 0.0 , 1.32328647287 -18.9882492097 6.97275598875 
8 -8.86927414744 0.0842776808177 1.0 -6.59708964368 1.26967488103 1.0 -4.49514497271 2.73590049177 1.0 -2.59795400794 4.45887912906 1.0 -0.93666857253 6.41031953131 1.0 0.461433072578 8.55817910106 1.0 7.07746764615 0.429214226397 0.0 9.17462011381 3.65100358102 0.0 , 2.44748280842 -17.9665519668 7.02540204394 
7 -7.71588614945 0.135379002633 1.0 -5.61394147848 1.60160461338 1.0 -3.71675051371 3.32458325067 1.0 -2.0554650783 5.27602365292 1.0 -0.657363433192 7.42388322266 1.0 0.454597631261 9.73289416515 1.0 8.05582360804 2.51670770262 0.0 , 3.47851951307 -16.7677040182 7.10206636777 
7 -6.67467372947 0.431003176042 1.0 -4.77748276469 2.15398181333 1.0 -3.11619732929 4.10542221558 1.0 -1.71809568418 6.25328178532 1.0 -0.606134619727 8.56229272781 1.0 6.99509135705 1.34610626528 0.0 8.66303295373 4.80962267902 0.0 , 4.85007752052 -15.491235305 7.1495994756 
7 -5.78022738586 0.911794641067 1.0 -4.11894195046 2.86323504331 1.0 -2.72084030535 5.01109461306 1.0 -1.6088792409 7.32010555555 1.0 -0.801317127036 9.75235397495 1.0 5.99234673589 0.103919093019 0.0 7.66028833256 3.56743550676 0.0 , 5.57799289143 -14.3162397974 7.22474859273 
6 -5.01530268637 1.55874475817 1.0 -3.61720104126 3.70660432791 1.0 -2.50523997681 6.0156152704 1.0 -1.69767786295 8.4478636898 1.0 6.76392759665 2.26294522161 0.0 7.97527076744 5.91131785071 0.0 , 6.46031378031 -13.0631246916 7.26451628665 
7 -5.82330218651 0.195694695621 1.0 -4.4252005414 2.34355426537 1.0 -3.31323947695 4.65256520786 1.0 -2.50567736309 7.08481362726 1.0 -2.0157743474 9.60036207176 1.0 5.95592809651 0.899895159064 0.0 7.16727126731 4.54826778816 0.0 , 7.26589341415 -11.7354920932 7.34279680171 
6 -5.16226389089 0.928706392295 1.0 -4.05030282644 3.23771733479 1.0 -3.24274071258 5.66996575418 1.0 -2.75283769689 8.18551419868 1.0 6.43020791782 3.13341991509 0.0 7.16506244134 6.90674258184 0.0 , 8.08251612911 -10.2883297988 7.40799136119 
7 -3.2153080017 9.273139836 1.0 -4.67697285478 1.76779973841 1.0 -3.86941074092 4.20004815781 1.0 -3.37950772524 6.71559660231 1.0 -3.2153080017 9.273139836 1.0 5.80353788947 1.66350231871 0.0 6.53839241299 5.43682498546 0.0 , 8.84485836733 -8.75525526919 7.47821943664 
9 -3.75216699812 7.80434577421 1.0 -5.2138318512 0.299005676625 1.0 -4.40626973734 2.73125409602 1.0 -3.91636672166 5.24680254052 1.0 -3.75216699812 7.80434577421 1.0 6.24783300188 7.80434577421 0.0 5.26667889305 0.194708256928 0.0 6.00153341658 3.96803092368 0.0 6.24783300188 7.80434577421 0.0 , 9.15299611032 -7.22586134721 7.52915098973 
8 -4.19591475603 6.28916764908 1.0 -4.36011447956 8.84671088277 1.0 -4.85001749525 1.21607597089 1.0 -4.36011447956 3.73162441539 1.0 -4.19591475603 6.28916764908 1.0 5.80408524397 6.28916764908 0.0 5.55778565867 2.45285279855 0.0 5.80408524397 6.28916764908 0.0 , 9.84421679671 -5.70604889085 7.60052965737 
7 -4.54386720103 4.72738030561 1.0 -4.70806692457 7.2849235393 1.0 -4.70806692457 2.16983707192 1.0 -4.54386720103 4.72738030561 1.0 5.45613279897 4.72738030561 0.0 5.20983321366 0.891065455077 0.0 5.45613279897 4.72738030561 0.0 , 9.98022575183 -4.00553942739 7.66379635375 
8 -4.81752927717 3.16703614333 1.0 -4.98172900071 5.72457937702 1.0 -5.47163201639 8.24012782152 1.0 -4.98172900071 0.609492909643 1.0 -4.81752927717 3.16703614333 1.0 5.18247072283 3.16703614333 0.0 4.93617113752 7.00335099387 0.0 5.18247072283 3.16703614333 0.0 , 10.2414470004 -2.7414942123 7.74210179802 
7 -4.95041671818 1.59609916492 1.0 -5.11461644171 4.15364239861 1.0 -5.6045194574 6.66919084311 1.0 -4.95041671818 1.59609916492 1.0 5.04958328182 1.59609916492 0.0 4.80328369652 5.43241401546 0.0 5.04958328182 1.59609916492 0.0 , 10.4346687923 -1.0907070062 7.78434433911 
9 -5.0052839412 0.0078995457822 1.0 -5.16948366473 2.56544277947 1.0 -5.65938668042 5.08099122397 1.0 -6.46694879428 7.51323964337 1.0 -5.0052839412 0.0078995457822 1.0 4.9947160588 0.0078995457822 0.0 4.7484164735 3.84421439632 0.0 4.01356194997 7.61753706307 0.0 4.9947160588 0.00789954578219 0.0 , 10.5256173642 0.600305253001 7.84169816655 
