11 -5.00613915311 0.0139740353844 1.0 -5.17033887665 2.57151726907 1.0 -5.66024189233 5.08706571357 1.0 -6.46780400619 7.51931413297 1.0 -5.00613915311 0.0139740353844 1.0 4.99386084689 0.0139740353844 0.0 4.74756126159 3.85028888592 0.0 4.01270673806 7.62361155267 0.0 4.01270673806 -7.5956634819 0.0 4.74756126159 -3.82234081515 0.0 4.99386084689 0.0139740353844 0.0 , 0.501777032769 0.64333583683 1.56883301398 0.0 0.0 1.57079632679 
8 -5.11148561527 0.979907264591 1.0 -5.60138863095 3.49545570909 1.0 -6.40895074481 5.92770412849 1.0 5.05271410827 -1.5776359691 0.0 4.80641452296 2.25867888144 0.0 4.07155999944 6.03200154819 0.0 4.80641452296 -5.41395081963 0.0 5.05271410827 -1.5776359691 0.0 , 0.506221395117 2.23014778725 1.64731445557 -0.0503330882029 1.58559799141 1.63426284505 
9 -5.46459165906 1.89477648683 1.0 -6.27215377292 4.32702490623 1.0 -7.38411483737 6.63603584872 1.0 5.18951108016 -3.17831519136 0.0 4.94321149486 0.657999659177 0.0 4.20835697133 4.43132232593 0.0 2.99701380054 8.07969495502 0.0 4.94321149486 -7.01463004189 0.0 5.18951108016 -3.17831519136 0.0 , 0.214492720601 3.73997113503 1.6843105381 -0.20112967923 3.16481133934 1.6977293633 
8 -5.20879837233 0.340838212819 1.0 -6.01636048619 2.77308663222 1.0 -7.12832155065 5.08209757471 1.0 5.44530436689 -4.73225346537 0.0 5.19900478158 -0.895938614836 0.0 4.46415025806 2.87738405191 0.0 3.25280708727 6.52575668101 0.0 5.44530436689 -4.73225346537 0.0 , 0.0727999749534 5.23632239677 1.76535552883 -0.451782568432 4.73128110901 1.76119588156 
9 -5.67257190818 1.23364639177 1.0 -6.78453297264 3.54265733427 1.0 -8.18263461775 5.69051690401 1.0 5.7890929449 -6.27169370581 0.0 5.54279335959 -2.43537885528 0.0 4.80793883607 1.33794381147 0.0 3.59659566528 4.98631644057 0.0 1.9286540686 8.44983285431 0.0 5.7890929449 -6.27169370581 0.0 , -0.49619580629 6.90586275523 1.82630761225 -0.801282465091 6.27869967953 1.82466239981 
6 -6.31592386769 2.00313229366 1.0 -7.71402551279 4.1509918634 1.0 6.01140246454 -3.97490389589 0.0 5.27654794102 -0.201581229136 0.0 4.06520477023 3.44679139996 0.0 2.39726317355 6.9103078137 0.0 , -0.542060416581 8.26150003986 1.87568921001 -1.24822205648 7.80083614246 1.88812891807 
8 -5.77158955798 0.538331053977 1.0 -7.16969120309 2.68619062372 1.0 -8.8309766385 4.63763102597 1.0 6.55573677425 -5.43970513557 0.0 5.82088225072 -1.66638246882 0.0 4.60953907993 1.98199016028 0.0 2.94159748325 5.44550657402 0.0 0.844445015588 8.66729592864 0.0 , -1.27476373048 9.8920396281 1.94885404453 -1.7908016746 9.29156139151 1.95159543632 
7 -6.53912729698 1.21066942769 1.0 -8.20041273239 3.16210982994 1.0 7.18630068036 -6.9152263316 0.0 6.45144615683 -3.14190366485 0.0 5.24010298604 0.50646896425 0.0 3.57216138936 3.96998537799 0.0 1.4750089217 7.19177473261 0.0 , -1.8954670553 11.3036712224 2.01344854517 -2.42683654283 10.7448728022 2.01506195458 
6 -7.4914340156 1.76297846366 1.0 7.16042487362 -4.54103503112 0.0 5.94908170283 -0.892662402024 0.0 4.28114010615 2.57085401171 0.0 2.18398763849 5.79264336633 0.0 -0.307940514622 8.7198039697 0.0 , -2.50694872506 12.6894504836 2.07215387559 -3.15376557326 12.1549184025 2.07852847283 
7 -6.66951636608 0.405528818587 1.0 -8.56670733086 2.12850745588 1.0 7.98234252313 -5.8984846762 0.0 6.77099935234 -2.2501120471 0.0 5.10305775567 1.21340436664 0.0 3.005905288 4.43519372125 0.0 0.513977134896 7.36235432462 0.0 , -3.56216247978 13.9514830463 2.15120615234 -3.96866167922 13.5160204364 2.14199499108 
6 -7.66008582643 0.827918315743 1.0 7.67762085677 -3.55070118724 0.0 6.00967926009 -0.0871847734998 0.0 3.91252679243 3.13460458112 0.0 1.42059863932 6.06176518449 0.0 -1.42518780784 8.64623314042 0.0 , -4.407021299 15.5443269467 2.21720400337 -4.86824356172 14.8226982264 2.20546150934 
6 -8.7973978026 1.03004243474 1.0 8.64225355157 -4.81480267899 0.0 6.97431195489 -1.35128626525 0.0 4.87715948723 1.87050308936 0.0 2.38523133412 4.79766369273 0.0 -0.460555113046 7.38213164867 0.0 , -5.35012938923 16.5887478981 2.25160167045 -5.84888892203 16.0696902422 2.26892802759 
6 0.446874678927 -9.76536290914 1.0 8.04810065571 -2.54917644661 0.0 5.95094818805 0.672612908004 0.0 3.45902003494 3.59977351137 0.0 0.613233587769 6.18424146731 0.0 -2.53968341868 8.38357988343 0.0 , -6.35356469343 17.5244092992 2.33727594541 -6.90664904737 17.2519752871 2.33239454585 
6 0.481254449204 -8.53714914438 1.0 9.19444149044 -3.62997362434 0.0 7.09728902277 -0.408184269726 0.0 4.60536086967 2.51897633364 0.0 1.7595744225 5.10344428958 0.0 -1.39334258395 7.3027827057 0.0 , -7.59784468671 18.885630664 2.38986676157 -8.03726471107 18.3647927164 2.3958610641 
7 1.65625110226 -9.5641038713 1.0 0.258149457151 -7.41624430155 1.0 8.27228567583 -1.43513899664 0.0 5.78035752272 1.49202160673 0.0 2.93457107555 4.07648956267 0.0 -0.218345930892 6.27582797878 0.0 -3.62662268654 8.0539237791 0.0 , -8.88454991229 19.8031012681 2.46530282046 -9.23618332289 19.4036616073 2.45932758236 
6 1.52652722052 -8.41211205664 1.0 9.5406634392 -2.43100675173 0.0 7.04873528609 0.496153851637 0.0 4.20294883892 3.08062180757 0.0 1.05003183248 5.27996022369 0.0 -2.35824492317 7.05805602401 0.0 , -9.96365161316 20.7741172259 2.52354376548 -10.4985772607 20.3643988013 2.52279410061 
7 2.85609914892 -9.25807647899 1.0 1.19481371352 -7.30663607674 1.0 8.3783072145 -0.34981057071 0.0 5.53252076733 2.23465738523 0.0 2.37960376088 4.43399580135 0.0 -1.02867299476 6.21209160166 0.0 -4.6363456895 7.53974850229 0.0 , -11.2396304456 21.7099386876 2.59561987042 -11.8193633097 21.2431357487 2.58626061886 
7 2.56296861723 -8.13503903711 1.0 0.665777652445 -6.41206039982 1.0 9.7464621182 -1.17821353107 0.0 6.90067567103 1.40625442486 0.0 3.74775866459 3.60559284098 0.0 0.339481908942 5.38368864129 0.0 -3.2681907858 6.71134554192 0.0 , -12.6655689499 22.5661813544 2.63662891128 -13.1932231307 22.0363340862 2.64972713712 
7 3.97063328081 -8.82662039314 1.0 2.07344231603 -7.10364175585 1.0 8.30834033461 0.714673068835 0.0 5.15542332817 2.91401148495 0.0 1.74714657252 4.69210728527 0.0 -1.86052612222 6.01976418589 0.0 -5.60835687015 6.87518209723 0.0 , -14.1025470998 23.2007425255 2.71682611465 -14.614624675 22.7407998839 2.71319365537 
7 3.53143076976 -7.72474629018 1.0 1.4294860988 -6.25852067944 1.0 9.76632878835 0.0935685344982 0.0 6.6134117819 2.29290695062 0.0 3.20513502626 4.07100275093 0.0 -0.40253766848 5.39865965156 0.0 -4.15036841641 6.25407756289 0.0 , -15.6061979563 23.9962820345 2.77609707849 -16.0778444602 23.3536965066 2.77666017363 
8 5.04653231568 -8.22993850295 1.0 2.94458764471 -6.7637128922 1.0 0.672403140949 -5.57831569199 1.0 8.12851332782 1.78771473785 0.0 4.72023657217 3.56581053817 0.0 1.11256387743 4.89346743879 0.0 -2.6352668705 5.74888535012 0.0 -6.46171639435 6.11801833371 0.0 , -17.1336954507 24.4215237371 2.84568385796 -17.5769906168 23.8725560361 2.84012669188 
7 4.46905515797 -7.18952412324 1.0 2.19687065421 -6.00412692303 1.0 9.65298084108 1.36190350681 0.0 6.24470408543 3.13999930713 0.0 2.63703139069 4.46765620775 0.0 -1.11079935724 5.32307411909 0.0 -4.93724888109 5.69220710267 0.0 , -18.7390253995 24.7082907509 2.90636335344 -19.1060266123 24.2952892081 2.90359321014 
8 6.01923331304 -7.51181895013 1.0 3.74704880928 -6.32642174992 1.0 1.34193367945 -5.4413171495 1.0 7.7948822405 2.81770448024 0.0 4.18720954576 4.14536138086 0.0 0.439378797831 5.0007792922 0.0 -3.38707072602 5.36991227579 0.0 -7.2293088304 5.24669917824 0.0 , -20.0216073499 25.1601349336 2.96164749759 -20.6587955583 24.6201938253 2.96705972839 
8 5.34663738038 -6.55429596821 1.0 2.94152225055 -5.66919136779 1.0 0.442968418598 -5.09891276024 1.0 9.3944708116 2.58983026195 0.0 5.78679811686 3.91748716257 0.0 2.03896736893 4.77290507391 0.0 -1.78748215492 5.14203805749 0.0 -5.6297202593 5.01882495995 0.0 , -21.7589449784 25.3151865137 3.02495484753 -22.2290450025 24.8459616115 3.03052624664 
8 6.89602771508 -6.69250196172 1.0 4.49091258525 -5.8073973613 1.0 1.9923587533 -5.23711875374 1.0 7.33618845156 3.77928116907 0.0 3.58835770363 4.6346990804 0.0 -0.238091820218 5.00383206399 0.0 -4.0803299246 4.88061896644 0.0 -7.87526716606 4.26708294342 0.0 , -23.2838234011 25.4586238023 3.09819389005 -23.8104521044 24.9716834796 3.0939927649 
9 6.09799857328 -5.82259256973 1.0 3.59944474132 -5.25231396217 1.0 1.04847839209 -5.00622530644 1.0 -1.5130136775 -5.08836737147 1.0 -4.04297183847 -5.49739138682 1.0 -6.49985424777 -6.22658118946 1.0 8.94327443959 3.76408596064 0.0 5.19544369166 4.61950387197 0.0 1.36899416781 4.98863685556 0.0 , -25.0438860841 25.5595871722 3.16169968164 -25.3966490959 24.9968531918 3.15745928315 
8 7.67162777643 -5.74594927207 1.0 5.17307394448 -5.17567066451 1.0 2.62210759525 -4.92958200878 1.0 0.0606155256604 -5.01172407381 1.0 -2.46934263531 -5.42074808916 1.0 -4.92622504461 -6.1499378918 1.0 6.76907289482 4.69614716963 0.0 2.94262337096 5.06528015322 0.0 , -26.5144348634 25.4486873163 3.2010455938 -26.9812489214 24.9213693988 3.22092580141 
9 6.73717193364 -4.99584195461 1.0 4.18620558441 -4.74975329888 1.0 1.62471351482 -4.83189536391 1.0 -0.905244646152 -5.24091937926 1.0 -3.36212705545 -5.9701091819 1.0 -5.70559177184 -7.00749149544 1.0 8.33317088398 4.87597587954 0.0 4.50672136012 5.24510886312 0.0 0.664483255744 5.12189576558 0.0 , -28.0790579288 25.2852282794 3.29204085433 -28.5578709568 24.745536047 3.28439231966 
8 8.31047461391 -4.71339147343 1.0 5.75950826468 -4.4673028177 1.0 3.19801619509 -4.54944488273 1.0 0.668058034119 -4.95846889808 1.0 -1.78882437518 -5.68765870072 1.0 -4.13228909157 -6.72504101425 1.0 6.0800240404 5.52755934431 0.0 2.23778593602 5.40434624676 0.0 , -29.6569795932 25.0805848071 3.35551497785 -30.1201667016 24.4700611554 3.34785883792 
8 7.29210679761 -4.11063740501 1.0 4.73061472803 -4.19277947004 1.0 2.20065656706 -4.60180348539 1.0 -0.256225842244 -5.33099328803 1.0 -2.59969055863 -6.36837560156 1.0 -4.79125795626 -7.69691663709 1.0 7.61262257333 5.884224757 0.0 3.77038446895 5.76101165945 0.0 , -30.9998138942 24.5668630046 3.42782530131 -31.6618453423 24.096053964 3.41132535617 
8 8.83273505366 -3.63078359331 1.0 6.27124298408 -3.71292565834 1.0 3.7412848231 -4.12194967369 1.0 1.2844024138 -4.85113947633 1.0 -1.05906230259 -5.88852178986 1.0 -3.25062970021 -7.21706282538 1.0 5.311012725 6.24086547115 0.0 1.51607548354 5.62732944813 0.0 , -32.7465799762 24.0446776114 3.47973184254 -33.1766990829 23.6250204679 3.47479187443 
8 7.74027740841 -3.15650320882 1.0 5.21031924743 -3.56552722416 1.0 2.75343683813 -4.2947170268 1.0 0.409972121744 -5.33209934034 1.0 -1.78159527588 -6.66064037586 1.0 -3.78527987867 -8.25852552629 1.0 6.78004714933 6.79728792068 0.0 2.98510990787 6.18375189765 0.0 , -34.1786784999 23.5079709977 3.53401928084 -34.6586281423 23.0588573526 3.53825839268 
9 9.18775188573 -2.51195141395 1.0 6.65779372475 -2.9209754293 1.0 4.20091131545 -3.65016523194 1.0 1.85744659906 -4.68754754547 1.0 -0.334120798564 -6.016088581 1.0 -2.33780540135 -7.61397373143 1.0 4.43258438519 6.82830369252 0.0 0.74726077124 5.73451898856 0.0 -9.06081430396 -0.211193760675 0.0 , -35.7269557807 22.7746830299 3.60263350382 -36.1016653151 22.3998443573 3.60172491093 
8 8.05859807135 -2.14027888907 1.0 5.60171566205 -2.86946869171 1.0 3.25825094566 -3.90685100525 1.0 1.06668354804 -5.23539204077 1.0 -0.937001054746 -6.8332771912 1.0 -2.7199024169 -8.67426922655 1.0 5.83338873179 7.60900023275 0.0 2.14806511784 6.51521552879 0.0 , -36.9562329291 22.2084162668 3.65387458514 -37.5 21.6506350946 3.66519142919 
8 9.40495365986 -1.32226521326 1.0 6.94807125056 -2.0514550159 1.0 4.60460653417 -3.08883732944 1.0 2.41303913655 -4.41737836496 1.0 0.409354533764 -6.01526351539 1.0 -1.37354682839 -7.85625555074 1.0 3.49442070635 7.3332292046 0.0 -8.98800641208 -1.37397159766 0.0 , -38.1932186351 21.1904935088 3.73408874071 -38.8480015967 20.8142463659 3.72865794744 
9 8.22922698965 -1.11725289232 1.0 5.88576227325 -2.15463520586 1.0 3.69419487563 -3.48317624138 1.0 1.69051027285 -5.08106139181 1.0 -0.0923910893113 -6.92205342716 1.0 -1.62523401977 -8.97592330911 1.0 4.77557644543 8.26743132818 0.0 1.26037937085 6.71135785787 0.0 -7.706850673 -0.439769474084 0.0 , -39.6485615417 20.4295637997 3.77895131271 -40.1402421784 19.8940460133 3.7921244657 
8 9.46881999892 -0.13597183157 1.0 7.12535528253 -1.17335414511 1.0 4.9337878849 -2.50189518063 1.0 2.93010328212 -4.09978033106 1.0 1.14720191996 -5.94077236641 1.0 -0.385641010494 -7.99464224835 1.0 2.49997238012 7.69263891862 0.0 -8.76652205941 -2.53929323625 0.0 , -40.9525188584 19.4574013212 3.84342735433 -41.3715183486 18.8937393589 3.85559098395 
9 8.28252678971 -0.0605710389547 1.0 6.09095939208 -1.38911207448 1.0 4.0872747893 -2.98699722491 1.0 2.30437342714 -4.82798926026 1.0 0.771530496687 -6.8818591422 1.0 -0.486084763524 -9.11488238406 1.0 3.6571438873 8.80542202478 0.0 0.369792790859 6.81261047149 0.0 -7.60935055223 -1.4265101301 0.0 , -41.9253170834 18.3198862014 3.92791067505 -42.5368721927 17.8173542845 3.91905750221 
9 9.37898623038 1.05453694989 1.0 7.18741883275 -0.274004085631 1.0 5.18373422997 -1.87188923606 1.0 3.40083286781 -3.71288127141 1.0 1.86798993736 -5.76675115336 1.0 0.610374677149 -7.99977439522 1.0 1.46625223153 7.92771846034 0.0 -6.51289111156 -0.311402141253 0.0 -8.39931400188 -3.66093700404 0.0 , -42.9831112165 17.052717773 3.98148932311 -43.6316112419 16.6692250129 3.98252402046 
8 8.20376944228 0.931008323043 1.0 6.20008483949 -0.66687682739 1.0 4.41718347734 -2.50786886274 1.0 2.88434054688 -4.56173874469 1.0 1.62672528667 -6.79476198654 1.0 0.664987704507 -9.17027240842 1.0 2.48260284106 9.13273086901 0.0 -7.38296339235 -2.45592459537 0.0 , -44.2462233814 15.8935409399 4.0494000169 -44.6513273686 15.4539746555 4.04599053871 
9 9.14980358286 2.22092047956 1.0 7.14611898008 0.623035329125 1.0 5.36321761792 -1.21795670623 1.0 3.83037468747 -3.27182658817 1.0 2.57275942726 -5.50484983003 1.0 1.61102184509 -7.88036025191 1.0 0.423110077468 8.02581529988 0.0 -6.43692925177 -1.16601243885 0.0 -7.87953562501 -4.72927807167 0.0 , -45.1618417883 14.7680836888 4.11530204617 -45.5919145357 14.1764965966 4.10945705697 
8 7.98552920905 1.95590114038 1.0 6.20262784689 0.114909105033 1.0 4.66978491644 -1.93896077691 1.0 3.41216965623 -4.17198401877 1.0 2.45043207406 -6.54749444065 1.0 1.80036387445 -9.0264862271 1.0 1.26252030644 9.35868111114 0.0 -7.04012539604 -3.39641226041 0.0 , -46.1880992195 13.0815023287 4.17337478744 -46.4495853309 12.8419347893 4.17292357522 
8 8.76871763054 3.33288291436 1.0 6.98581626838 1.49189087901 1.0 5.45297333793 -0.561979002936 1.0 4.19535807772 -2.7950022448 1.0 3.23362049555 -5.17051266667 1.0 2.58355229594 -7.64950445312 1.0 -6.25693697456 -2.01943048644 0.0 -7.23203927397 -5.73791816611 0.0 , -46.5541580401 12.0367134234 4.24700974051 -47.2208862164 11.4556630432 4.23639009348 
9 7.67026045847 2.958468685 1.0 6.13741752801 0.904598803057 1.0 4.8798022678 -1.3284244388 1.0 3.91806468564 -3.70393486068 1.0 3.26799648603 -6.18292664713 1.0 2.94027177084 -8.72469482154 1.0 0.0558008747776 9.44075263808 0.0 -5.57249278447 -0.552852680445 0.0 -6.54759508388 -4.27134036011 0.0 , -47.3742114794 10.5625600225 4.29763991211 -47.9027114358 10.0232633852 4.29985661173 
8 8.27562137069 4.42558689582 1.0 6.74277844023 2.37171701388 1.0 5.48516318002 0.138693772019 1.0 4.52342559786 -2.23681664986 1.0 3.87335739825 -4.7158084363 1.0 3.54563268306 -7.25757661072 1.0 -5.94223417166 -2.80422214929 0.0 -6.43382124444 -6.61687441091 0.0 , -48.0725752482 9.07001298898 4.36260114166 -48.4923155196 8.55050358314 4.36332312999 
8 7.23158770031 3.87128057728 1.0 5.9739724401 1.63825733542 1.0 5.01223485793 -0.73725308646 1.0 4.36216665833 -3.21624487291 1.0 4.03444194314 -5.75801304732 1.0 4.03444194314 -8.32082184655 1.0 -5.45342491158 -1.30465858589 0.0 -5.94501198436 -5.11731084751 0.0 , -48.4207822283 7.60453956889 4.44003799906 -48.9873243404 7.04331392104 4.42678964824 
8 7.63091983849 5.41442859333 1.0 6.37330457827 3.18140535147 1.0 5.41156699611 0.80589492959 1.0 4.7614987965 -1.67309685686 1.0 4.43377408132 -4.21486503127 1.0 4.43377408132 -6.7776738305 1.0 -5.54567984619 -3.57416283146 0.0 -5.54567984619 -7.4183760303 0.0 , -49.0448037994 6.05961674598 4.47417178726 -49.3857446721 5.50776331966 4.49025616649 
8 6.66488420853 4.70764578948 1.0 5.70314662637 2.3321353676 1.0 5.05307842676 -0.146856418847 1.0 4.72535371158 -2.68862459326 1.0 4.72535371158 -5.25143339249 1.0 5.05307842676 -7.7932015669 1.0 -5.25410021593 -2.04792239345 0.0 -5.25410021593 -5.8921355923 0.0 , -49.2273399145 4.42525969707 4.54852616021 -49.6859722169 3.95003489933 4.55372268475 
9 6.88073117007 6.29621606564 1.0 5.91899358791 3.92070564376 1.0 5.2689253883 1.44171385732 1.0 4.94120067311 -1.10005431709 1.0 4.94120067311 -3.66286311632 1.0 5.2689253883 -6.20463129074 1.0 -5.03825325439 -0.459352117287 0.0 -5.03825325439 -4.30356531613 0.0 -4.54666618161 -8.11621757775 0.0 , -49.576457372 2.82911444805 4.63765215944 -49.8867980643 2.3764010826 4.617189203 
8 6.02341041907 5.51414016968 1.0 5.37334221946 3.03514838324 1.0 5.04561750428 0.493380208827 1.0 5.04561750428 -2.0694285904 1.0 5.37334221946 -4.61119676482 1.0 6.02341041907 -7.09018855126 1.0 -4.93383642323 -2.71013079021 0.0 -4.44224935045 -6.52278305183 0.0 , -49.5743551102 1.18853088111 4.68477741666 -49.9874135596 0.793198337452 4.68065572126 
9 6.00052233838 7.10216422352 1.0 5.35045413877 4.62317243708 1.0 5.02272942359 2.08140426267 1.0 5.02272942359 -0.481404536563 1.0 5.35045413877 -3.02317271098 1.0 6.00052233838 -5.50216449742 1.0 -4.95672450392 -1.12210673637 0.0 -4.46513743114 -4.93475899799 0.0 -3.49003513173 -8.65324667766 0.0 , -49.4787663021 -0.329237038194 4.74891173951 -49.9874135596 -0.793198337452 4.74412223951 
8 5.2452224191 6.19931731219 1.0 4.91749770392 3.65754913778 1.0 4.91749770392 1.09474033855 1.0 5.2452224191 -1.44702783587 1.0 5.89529061871 -3.92601962231 1.0 6.85702820088 -6.30153004419 1.0 -4.57036915081 -3.35861412288 0.0 -3.5952668514 -7.07710180255 0.0 , -49.3262743722 -1.98161067624 4.81662216701 -49.8867980643 -2.3764010826 4.80758875777 
9 5.03843632488 7.75911538325 1.0 4.7107116097 5.21734720884 1.0 4.7107116097 2.65453840961 1.0 5.03843632488 0.112770235196 1.0 5.68850452449 -2.36622155125 1.0 6.65024210666 -4.74173197313 1.0 -4.77715524503 -1.79881605182 0.0 -3.80205294562 -5.51730373149 0.0 -2.35944657237 -9.0805693643 0.0 , -49.2956215276 -3.35113577071 4.85611892735 -49.6859722169 -3.95003489933 4.87105527602 
9 4.43386212463 6.79054077716 1.0 4.43386212463 4.22773197793 1.0 4.76158683981 1.68596380351 1.0 5.41165503942 -0.793027982931 1.0 6.37339262159 -3.16853840481 1.0 7.6310078818 -5.40156164667 1.0 -5.0540047301 -0.2256224835 0.0 -4.07890243069 -3.94411016317 0.0 -2.63629605744 -7.50737579599 0.0 , -48.9376060608 -5.0261599895 4.92081332826 -49.3857446721 -5.50776331966 4.93452179427 
9 4.02527152283 8.33912509889 1.0 4.02527152283 5.77631629966 1.0 4.35299623801 3.23454812525 1.0 5.00306443762 0.755556338802 1.0 5.96480201979 -1.61995408308 1.0 7.22241728 -3.85297732494 1.0 -4.48749303248 -2.39552584143 0.0 -3.04488665924 -5.95879147425 0.0 -1.15846376892 -9.30832633704 0.0 , -48.4038686173 -6.34460475237 4.99402915818 -48.9873243404 -7.04331392104 4.99798831253 
9 3.51286063998 7.26022884477 1.0 3.84058535517 4.71846067036 1.0 4.49065355477 2.23946888392 1.0 5.45239113694 -0.136041537962 1.0 6.71000639715 -2.36906477982 1.0 8.2428493276 -4.42293466177 1.0 -4.99990391533 -0.91161329632 0.0 -3.55729754209 -4.47487892914 0.0 -1.67087465177 -7.82441379193 0.0 , -48.0120903145 -8.27564398206 5.06347948884 -48.4923155196 -8.55050358314 5.06145483078 
9 2.95247354668 8.74708215642 1.0 3.28019826186 6.20531398201 1.0 3.93026646147 3.72632219556 1.0 4.89200404364 1.35081177368 1.0 6.14961930385 -0.882211468177 1.0 7.6824622343 -2.93608135012 1.0 -4.11768463539 -2.98802561749 0.0 -2.23126174507 -6.33756048028 0.0 0.0680026506118 -9.4183653032 0.0 , -47.3632342775 -9.5896092527 5.12618225302 -47.9027114358 -10.0232633852 5.12492134904 
9 2.59533252932 7.60868790026 1.0 3.24540072892 5.12969611382 1.0 4.20713831109 2.75418569194 1.0 5.4647535713 0.521162450077 1.0 6.99759650175 -1.53270743187 1.0 8.78049786391 -3.37369946722 1.0 -4.80255036794 -1.58465169924 0.0 -2.91612747762 -4.93418656203 0.0 -0.616863081937 -8.01499138495 0.0 , -46.7697203573 -10.8799737563 5.18860580268 -47.2208862164 -11.4556630432 5.18838786729 
10 1.82341439515 9.037517355 1.0 2.47348259476 6.55852556856 1.0 3.43522017692 4.18301514668 1.0 4.69283543714 1.94999190482 1.0 6.22567836759 -0.103877977124 1.0 8.00857972975 -1.94487001247 1.0 -5.5744685021 -0.155822244495 0.0 -3.68804561178 -3.50535710728 0.0 -1.3887812161 -6.5861619302 0.0 1.28557082713 -9.34764998323 0.0 , -45.9599935425 -12.3163902972 5.26408641374 -46.4495853309 -12.8419347893 5.25185438555 
9 1.62299833533 7.8754934888 1.0 2.5847359175 5.49998306692 1.0 3.84235117771 3.26695982506 1.0 5.37519410816 1.21308994312 1.0 7.15809547032 -0.627902092233 1.0 9.1617800731 -2.22578724267 1.0 -4.53852987121 -2.18838918704 0.0 -2.23926547553 -5.26919400996 0.0 0.435086567706 -8.03068206299 0.0 , -45.0400931606 -13.5902836931 5.29676108411 -45.5919145357 -14.1764965966 5.3153209038 
10 0.678080568304 9.1540545336 1.0 1.63981815047 6.77854411172 1.0 2.89743341068 4.54552086986 1.0 4.43027634113 2.49165098792 1.0 6.21317770329 0.650658952566 1.0 8.21686230607 -0.947226197867 1.0 -5.48344763824 -0.909828142244 0.0 -3.18418324256 -3.99063296516 0.0 -0.509831199322 -6.75212101819 0.0 2.49569570485 -9.14894874384 0.0 , -44.1247963896 -14.9689210581 5.3879125664 -44.6513273686 -15.4539746555 5.37878742206 
9 0.601731718075 7.99136285927 1.0 1.85934697829 5.75833961741 1.0 3.39218990874 3.70446973546 1.0 5.1750912709 1.86347770011 1.0 7.17877587368 0.26559254968 1.0 9.37034327131 -1.06294848584 1.0 -4.22226967495 -2.77781421761 0.0 -1.54791763172 -5.53930227064 0.0 1.45760927246 -7.93612999629 0.0 , -43.0658017854 -16.1245402315 5.4296033941 -43.6316112419 -16.6692250129 5.44225394031 
9 0.775564767851 6.9096426626 1.0 2.3084076983 4.85577278065 1.0 4.09130906046 3.0147807453 1.0 6.09499366324 1.41689559487 1.0 8.28656106087 0.0883545593468 1.0 -5.30605188539 -1.62651117243 0.0 -2.63169984215 -4.38799922545 0.0 0.373827062022 -6.7848269511 0.0 3.66117815846 -8.77763850438 0.0 , -42.0036896848 -17.3087332656 5.51732509809 -42.5368721927 -17.8173542845 5.50572045856 
9 1.13242597809 5.91782104142 1.0 2.91532734024 4.07682900607 1.0 4.91901194303 2.47894385563 1.0 7.11057934065 1.15040282011 1.0 9.45404405704 0.113020506578 1.0 -6.4820336056 -0.56446291166 0.0 -3.80768156237 -3.32595096469 0.0 -0.802154658195 -5.72277869034 0.0 2.48519643824 -7.71559024362 0.0 , -40.7817707464 -18.3316923535 5.56525892407 -41.3715183486 -18.8937393589 5.56918697682 
8 1.67760178754 5.09713121522 1.0 3.68128639032 3.49924606479 1.0 5.87285378795 2.17070502927 1.0 8.21631850434 1.13332271573 1.0 -5.04540711508 -2.30564875553 0.0 -2.0398802109 -4.70247648118 0.0 1.24747088554 -6.69528803446 0.0 4.76266796012 -8.25136150477 0.0 , -39.5866124864 -19.4107194912 5.62575398323 -40.1402421784 -19.8940460133 5.63265349507 
9 0.399095417547 6.00646771232 1.0 2.40278002033 4.40858256188 1.0 4.59434741796 3.08004152636 1.0 6.93781213435 2.04265921283 1.0 9.39469454365 1.31346941019 1.0 -6.32391348507 -1.39631225844 0.0 -3.31838658089 -3.79313998409 0.0 -0.0310354844519 -5.78595153737 0.0 3.48416159013 -7.34202500767 0.0 , -38.3232431675 -20.374588611 5.67472883592 -38.8480015967 -20.8142463659 5.69612001333 
9 1.07216869433 5.24767721901 1.0 3.26373609196 3.91913618349 1.0 5.60720080835 2.88175386995 1.0 8.06408321765 2.15256406731 1.0 -7.65452481106 -0.557217601312 0.0 -4.64899790689 -2.95404532696 0.0 -1.36164681045 -4.94685688024 0.0 2.15355026414 -6.50293035055 0.0 5.83887387809 -7.59671505451 0.0 , -36.8959295895 -21.0489555469 5.76323966915 -37.5 -21.6506350946 5.75958653158 
8 1.85390705934 4.65034842604 1.0 4.19737177573 3.6129661125 1.0 6.65425418503 2.88377630986 1.0 9.184212346 2.47475229452 1.0 -6.05882693951 -2.22283308441 0.0 -2.77147584307 -4.21564463769 0.0 0.743721231517 -5.77171810799 0.0 4.42904484547 -6.86550281196 0.0 , -35.5990051046 -21.8435371973 5.82999992022 -36.1016653151 -22.3998443573 5.82305304984 
9 0.406697630929 5.31545818676 1.0 2.75016234732 4.27807587323 1.0 5.20704475662 3.54888607059 1.0 7.73700291759 3.13986205524 1.0 -7.50603636792 -1.55772332369 0.0 -4.21868527148 -3.55053487697 0.0 -0.703488196893 -5.10660834727 0.0 2.98183541706 -6.20039305123 0.0 6.77677265852 -6.81392907425 0.0 , -34.2453465441 -22.7480064696 5.88471261764 -34.6586281423 -23.0588573526 5.88651956809 
9 1.26714842973 4.84814990642 1.0 3.72403083903 4.11896010378 1.0 6.253989 3.70993608843 1.0 8.81548106959 3.6277940234 1.0 -8.98905028551 -0.987649290494 0.0 -5.70169918907 -2.98046084378 0.0 -2.18650211448 -4.53653431408 0.0 1.49882149947 -5.63031901804 0.0 5.29375874093 -6.24385504106 0.0 , -32.3861069094 -23.1829155503 5.93152171953 -33.1766990829 -23.6250204679 5.94998608634 
8 2.19733674915 4.5936989276 1.0 4.72729491012 4.18467491225 1.0 7.28878697971 4.10253284722 1.0 -7.22839327895 -2.50572201995 0.0 -3.71319620436 -4.06179549026 0.0 -0.0278725904117 -5.15558019422 0.0 3.76706465105 -5.76911621724 0.0 7.60930275543 -5.89232931478 0.0 , -31.0428722426 -23.6347092638 6.02626827621 -31.6618453423 -24.096053964 6.0134526046 
9 0.668526211379 4.95811394493 1.0 3.19848437235 4.54908992958 1.0 5.75997644194 4.46694786455 1.0 8.31094279117 4.71303652028 1.0 -8.75720381672 -2.14130700262 0.0 -5.24200674213 -3.69738047292 0.0 -1.55668312818 -4.79116517689 0.0 2.23825411327 -5.40470119991 0.0 6.08049221765 -5.52791429745 0.0 , -29.8142706026 -24.0422209635 6.09286492521 -30.1201667016 -24.4700611554 6.07691912285 
8 1.635010179 4.84369492957 1.0 4.19650224859 4.76155286454 1.0 6.74746859783 5.00764152026 1.0 -6.80548093548 -3.40277547294 0.0 -3.12015732153 -4.4965601769 0.0 0.674779919928 -5.11009619993 0.0 4.51701802431 -5.23330929747 0.0 8.34346754816 -4.86417631388 0.0 , -28.1838518905 -24.184363103 6.1152235098 -28.5578709568 -24.745536047 6.14038564111 
9 0.0465004140481 5.00584057393 1.0 2.60799248363 4.9236985089 1.0 5.15895883287 5.16978716462 1.0 7.65751266482 5.74006577218 1.0 -8.39399070044 -3.24062982858 0.0 -4.70866708649 -4.33441453254 0.0 -0.913729845029 -4.94795055556 0.0 2.92850825935 -5.07116365311 0.0 6.7549577832 -4.70203066952 0.0 , -26.7339122744 -24.2103858964 6.20995415689 -26.9812489214 -24.9213693988 6.20385215936 
8 1.04255135525 5.00632180702 1.0 3.59351770448 5.25241046274 1.0 6.09207153644 5.8226890703 1.0 -6.27410821487 -4.25179123442 0.0 -2.47917097341 -4.86532725744 0.0 1.36306713097 -4.98854035499 0.0 5.18951665482 -4.6194073714 0.0 8.93734740275 -3.76398946007 0.0 , -24.8118553637 -24.4846248797 6.26641880859 -25.3966490959 -24.9968531918 6.26731867762 
8 -5.63757875178 5.46923242039 1.0 -3.1076205908 5.06020840504 1.0 -0.546128521218 4.97806634001 1.0 2.00483782802 5.22415499573 1.0 4.50339165997 5.79443360329 1.0 6.9085067898 6.67953820371 1.0 3.60083677835 -4.64766283841 0.0 7.34866752628 -3.79224492708 0.0 , -23.366466861 -24.232182349 6.32739544421 -23.8104521044 -24.9716834796 6.33078519587 
9 -7.22476761344 5.35506864136 1.0 -4.69480945247 4.94604462601 1.0 -2.13331738288 4.86390256098 1.0 0.41764896635 5.10999121671 1.0 2.9162027983 5.68026982426 1.0 5.32131792813 6.56537442468 1.0 2.01364791668 -4.76182661744 0.0 5.76147866461 -3.9064087061 0.0 9.36915135935 -2.57875180548 0.0 , -21.7023209665 -24.2556453987 6.39009686177 -22.2290450025 -24.8459616115 6.39425171412 
9 -6.26152703997 4.72529976713 1.0 -3.70003497038 4.6431577021 1.0 -1.14906862115 4.88924635782 1.0 1.34948521081 5.45952496538 1.0 3.75460034063 6.3446295658 1.0 6.0267848444 7.53002676601 1.0 0.446930329186 -4.98257147632 0.0 4.19476107712 -4.12715356499 0.0 7.80243377186 -2.79949666436 0.0 , -20.1331248536 -24.1581035437 6.45639084597 -20.6587955583 -24.6201938253 6.45771823238 
9 -7.80541111868 4.39389794723 1.0 -5.24391904909 4.3117558822 1.0 -2.69295269986 4.55784453793 1.0 -0.194398867903 5.12812314548 1.0 2.21071626192 6.0132277459 1.0 4.48290076569 7.19862494611 1.0 2.65087699841 -4.45855538488 0.0 6.25854969315 -3.13089848426 0.0 9.66682644879 -1.35280268394 0.0 , -18.5404395089 -23.6959079879 6.5267986165 -19.1060266123 -24.2952892081 6.52118475063 
9 -6.77380354293 3.8760049456 1.0 -4.2228371937 4.12209360132 1.0 -1.72428336174 4.69237220888 1.0 0.680831768084 5.5774768093 1.0 2.95301627185 6.76287400951 1.0 5.05496094281 8.22909962025 1.0 1.12099250457 -4.89430632149 0.0 4.72866519931 -3.56664942086 0.0 8.13694195495 -1.78855362055 0.0 , -17.0577155729 -23.3717368389 6.58393987996 -17.5769906168 -23.8725560361 6.58465126889 
9 -8.28552863212 3.34726034815 1.0 -5.73456228288 3.59334900388 1.0 -3.23600845093 4.16362761143 1.0 -0.830893321101 5.04873221185 1.0 1.44129118266 6.23412941206 1.0 3.54323585363 7.7003550228 1.0 3.21694011012 -4.09539401831 0.0 6.62521686577 -2.317298218 0.0 9.77813387221 -0.117959801877 0.0 , -15.6236308751 -22.8942862969 6.65474769644 -16.0778444602 -23.3536965066 6.64811778714 
9 -7.19202616341 2.99664266978 1.0 -4.69347233146 3.56692127734 1.0 -2.28835720163 4.45202587776 1.0 -0.0161726978668 5.63742307797 1.0 2.0857719731 7.10364868871 1.0 3.98296293788 8.826627326 1.0 1.75947622959 -4.6921003524 0.0 5.16775298524 -2.91400455209 0.0 8.32066999168 -0.714666135969 0.0 , -13.9977865016 -21.972851022 6.71958424665 -14.614624675 -22.7407998839 6.7115843054 
10 -8.61418242127 2.29254812927 1.0 -6.11562858932 2.86282673683 1.0 -3.71051345949 3.74793133725 1.0 -1.43832895573 4.93332853746 1.0 0.663615715232 6.3995541482 1.0 2.56080668001 8.12253278549 1.0 0.337319971729 -5.39619489291 0.0 3.74559672737 -3.6180990926 0.0 6.89851373382 -1.41876067648 0.0 9.74430018099 1.16570727946 0.0 , -12.5270920608 -21.4682855447 6.76845238406 -13.1932231307 -22.0363340862 6.77505082365 
9 -7.49506969339 2.04868227203 1.0 -5.08995456356 2.93378687244 1.0 -2.8177700598 4.11918407265 1.0 -0.715825388832 5.5854096834 1.0 1.18136557595 7.30838832069 1.0 2.84265101135 9.25982872294 1.0 2.36615562331 -4.4322435574 0.0 5.51907262976 -2.23290514128 0.0 8.36485907692 0.351562814657 0.0 , -11.1476002575 -20.8432865383 6.83361045729 -11.8193633097 -21.2431357487 6.83851734191 
10 -8.82130127878 1.16898321439 1.0 -6.41618614896 2.05408781481 1.0 -4.14400164519 3.23948501502 1.0 -2.04205697423 4.70571062577 1.0 -0.14486600945 6.42868926306 1.0 1.51641942595 8.3801296653 1.0 1.03992403791 -5.31194261503 0.0 4.19284104436 -3.11260419891 0.0 7.03862749153 -0.528136242977 0.0 9.53055564463 2.39902436039 0.0 , -9.99870944695 -19.7446405623 6.90012797868 -10.4985772607 -20.3643988013 6.90198386016 
9 -7.67339802984 1.10407617827 1.0 -5.40121352608 2.28947337848 1.0 -3.29926885511 3.75569898922 1.0 -1.40207789033 5.47867762651 1.0 0.259207545073 7.43011802876 1.0 1.65730919018 9.5779775985 1.0 2.93562916348 -4.06261583546 0.0 5.78141561065 -1.47814787952 0.0 8.27334376375 1.44901272385 0.0 , -8.96864450519 -18.9529087073 6.95385070437 -9.23618332289 -19.4036616073 6.96545037841 
10 -8.85920105277 0.0555693197554 1.0 -6.58701654901 1.24096651996 1.0 -4.48507187805 2.70719213071 1.0 -2.58788091327 4.430170768 1.0 -0.926595477863 6.38161117025 1.0 0.471506167246 8.52947073999 1.0 1.74982614054 -5.11112269397 0.0 4.59561258771 -2.52665473803 0.0 7.08754074082 0.400505865335 0.0 9.18469320848 3.62229521995 0.0 , -7.46265118144 -17.9303183847 7.01847405442 -8.03726471107 -18.3647927164 7.02891689667 
10 -7.72544944525 0.157361043052 1.0 -5.62350477428 1.6235866538 1.0 -3.7263138095 3.34656529109 1.0 -2.0650283741 5.29800569333 1.0 -0.666926728992 7.44586526308 1.0 0.445034335461 9.75487620557 1.0 0.611393244303 -6.19472817088 0.0 3.45717969147 -3.61026021495 0.0 5.94910784458 -0.683099611577 0.0 8.04626031224 2.53868974304 0.0 , -6.38765052789 -16.7083432382 7.09974980304 -6.90664904737 -17.2519752871 7.09238341492 
9 -6.68212780887 0.430039738261 1.0 -4.78493684409 2.15301837555 1.0 -3.12365140869 4.1044587778 1.0 -1.72554976358 6.25231834754 1.0 -0.613588699127 8.56132929003 1.0 2.39855665688 -4.80380713048 0.0 4.89048480999 -1.87664652712 0.0 6.98763727765 1.3451428275 0.0 8.65557887433 4.80865924124 0.0 , -5.44365745383 -15.6805693406 7.14958772808 -5.84888892203 -16.0696902422 7.15584993318 
9 -5.76556975785 0.904576085241 1.0 -4.10428432245 2.85601648749 1.0 -2.70618267734 5.00387605723 1.0 -1.59422161288 7.31288699972 1.0 -0.786659499024 9.74513541912 1.0 1.41792374313 -6.05224942079 0.0 3.90985189623 -3.12508881743 0.0 6.0070043639 0.0967005371927 0.0 7.67494596058 3.56021695093 0.0 , -4.41270031949 -14.4031327627 7.23821684271 -4.86824356172 -14.8226982264 7.21931645143 
9 -5.00225153226 1.54631008944 1.0 -3.60414988715 3.69416965919 1.0 -2.4921888227 6.00318060168 1.0 -1.68462670884 8.43542902108 1.0 0.519956533312 -7.36195581884 0.0 3.01188468642 -4.43479521547 0.0 5.10903715408 -1.21300586085 0.0 6.77697875076 2.25051055289 0.0 7.98832192155 5.89888318198 0.0 , -3.53117693292 -13.0999470764 7.28981908625 -3.96866167922 -13.5160204364 7.28278296969 
9 -5.82907301227 0.165515592154 1.0 -4.43097136716 2.3133751619 1.0 -3.31901030271 4.62238610439 1.0 -2.51144818884 7.05463452379 1.0 -2.02154517316 9.57018296829 1.0 2.18506320641 -5.81558971276 0.0 4.28221567408 -2.59380035814 0.0 5.95015727076 0.869716055597 0.0 7.16150044155 4.51808868469 0.0 , -2.5619629994 -11.5045822939 7.33542316882 -3.15376557326 -12.1549184025 7.34624948794 
9 -5.15428573038 0.923392046943 1.0 -4.04232466593 3.23240298943 1.0 -3.23476255207 5.66465140883 1.0 -2.74485953638 8.18019985333 1.0 1.46174884319 -7.20557282771 0.0 3.55890131086 -3.9837834731 0.0 5.22684290753 -0.520267059359 0.0 6.43818607833 3.12810556974 0.0 7.17304060185 6.90142823649 0.0 , -2.11440877986 -10.2735637049 7.41530280154 -2.42683654283 -10.7448728022 7.40971600619 
10 -3.22629932391 9.30135015384 1.0 -4.68796417699 1.79601005625 1.0 -3.88040206313 4.22825847565 1.0 -3.39049904745 6.74380692015 1.0 -3.22629932391 9.30135015384 1.0 0.816109332129 -8.6419657609 0.0 2.91326179979 -5.42017640628 0.0 4.58120339647 -1.95665999254 0.0 5.79254656726 1.69171263655 0.0 6.52740109079 5.4650353033 0.0 , -1.37422503296 -8.74725079222 7.47880508969 -1.7908016746 -9.29156139151 7.47318252445 
11 -3.76881584955 7.80236197826 1.0 -5.23048070263 0.297021880677 1.0 -4.42291858877 2.72927030007 1.0 -3.93301557308 5.24481874457 1.0 -3.76881584955 7.80236197826 1.0 6.23118415045 7.80236197826 0.0 2.37074527415 -6.91916458185 0.0 4.03868687083 -3.45564816812 0.0 5.25003004162 0.192724460979 0.0 5.98488456515 3.96604712773 0.0 6.23118415045 7.80236197826 0.0 , -1.01341562229 -7.40856322931 7.52946558998 -1.24822205648 -7.80083614246 7.5366490427 
11 -4.19991052208 6.26491431262 1.0 -4.36411024562 8.82245754631 1.0 -4.8540132613 1.19182263443 1.0 -4.36411024562 3.70737107893 1.0 -4.19991052208 6.26491431262 1.0 5.80008947792 6.26491431262 0.0 1.93965060162 -8.45661224749 0.0 3.6075921983 -4.99309583376 0.0 4.81893536909 -1.34472320466 0.0 5.55378989261 2.42859946209 0.0 5.80008947792 6.26491431262 0.0 , -0.199050717782 -5.86202469079 7.59796456324 -0.801282465091 -6.27869967953 7.60011556096 
9 -4.57151476722 4.73990394835 1.0 -4.73571449075 7.29744718204 1.0 -4.73571449075 2.18236071466 1.0 -4.57151476722 4.73990394835 1.0 5.42848523278 4.73990394835 0.0 3.23598795316 -6.51810619803 0.0 4.44733112395 -2.86973356893 0.0 5.18218564748 0.903589097817 0.0 5.42848523278 4.73990394835 0.0 , 0.373801947466 -4.1308424919 7.6483187311 -0.451782568432 -4.73128110901 7.66358207921 
11 -4.80018995229 3.15506297742 1.0 -4.96438967582 5.71260621111 1.0 -5.45429269151 8.22815465561 1.0 -4.96438967582 0.597519743731 1.0 -4.80018995229 3.15506297742 1.0 5.19981004771 3.15506297742 0.0 4.95351046241 6.99137782796 0.0 3.00731276809 -8.10294716896 0.0 4.21865593888 -4.45457453986 0.0 4.95351046241 -0.681251873114 0.0 5.19981004771 3.15506297742 0.0 , 0.412304875304 -2.72133306376 7.71672011503 -0.20112967923 -3.16481133934 7.72704859747 
9 -4.94580897027 1.57377206241 1.0 -5.11000869381 4.1313152961 1.0 -5.59991170949 6.6468637406 1.0 -4.94580897027 1.57377206241 1.0 5.05419102973 1.57377206241 0.0 4.80789144443 5.41008691295 0.0 4.0730369209 -6.03586545488 0.0 4.80789144443 -2.26254278813 0.0 5.05419102973 1.57377206241 0.0 , 0.212725623239 -1.05854923605 7.78563259813 -0.0503330882029 -1.58559799141 7.79051511572 
9 -5.16171695724 2.55372991166 1.0 -5.65161997293 5.06927835616 1.0 -6.45918208679 7.50152677556 1.0 5.00248276629 -0.00381332202989 0.0 4.75618318099 3.83250152851 0.0 4.02132865746 7.60582419526 0.0 4.02132865746 -7.61345083932 0.0 4.75618318099 -3.84012817257 0.0 5.00248276629 -0.0038133220299 0.0 , 0.581954677744 0.394725839564 7.85051658674 0.0 -6.12323399574e-15 7.85398163397 
