0.0 0.0 1.57079632679
-0.0503330882029 1.58559799141 1.63426284505
-0.20112967923 3.16481133934 1.6977293633
-0.451782568432 4.73128110901 1.76119588156
-0.801282465091 6.27869967953 1.82466239981
-1.24822205648 7.80083614246 1.88812891807
-1.7908016746 9.29156139151 1.95159543632
-2.42683654283 10.7448728022 2.01506195458
-3.15376557326 12.1549184025 2.07852847283
-3.96866167922 13.5160204364 2.14199499108
-4.86824356172 14.8226982264 2.20546150934
-5.84888892203 16.0696902422 2.26892802759
-6.90664904737 17.2519752871 2.33239454585
-8.03726471107 18.3647927164 2.3958610641
-9.23618332289 19.4036616073 2.45932758236
-10.4985772607 20.3643988013 2.52279410061
-11.8193633097 21.2431357487 2.58626061886
-13.1932231307 22.0363340862 2.64972713712
-14.614624675 22.7407998839 2.71319365537
-16.0778444602 23.3536965066 2.77666017363
-17.5769906168 23.8725560361 2.84012669188
-19.1060266123 24.2952892081 2.90359321014
-20.6587955583 24.6201938253 2.96705972839
-22.2290450025 24.8459616115 3.03052624664
-23.8104521044 24.9716834796 3.0939927649
-25.3966490959 24.9968531918 3.15745928315
-26.9812489214 24.9213693988 3.22092580141
-28.5578709568 24.745536047 3.28439231966
-30.1201667016 24.4700611554 3.34785883792
-31.6618453423 24.096053964 3.41132535617
-33.1766990829 23.6250204679 3.47479187443
-34.6586281423 23.0588573526 3.53825839268
-36.1016653151 22.3998443573 3.60172491093
-37.5 21.6506350946 3.66519142919
-38.8480015967 20.8142463659 3.72865794744
-40.1402421784 19.8940460133 3.7921244657
-41.3715183486 18.8937393589 3.85559098395
-42.5368721927 17.8173542845 3.91905750221
-43.6316112419 16.6692250129 3.98252402046
-44.6513273686 15.4539746555 4.04599053871
-45.5919145357 14.1764965966 4.10945705697
-46.4495853309 12.8419347893 4.17292357522
-47.2208862164 11.4556630432 4.23639009348
-47.9027114358 10.0232633852 4.29985661173
-48.4923155196 8.55050358314 4.36332312999
-48.9873243404 7.04331392104 4.42678964824
-49.3857446721 5.50776331966 4.49025616649
-49.6859722169 3.95003489933 4.55372268475
-49.8867980643 2.3764010826 4.617189203
-49.9874135596 0.793198337452 4.68065572126
-49.9874135596 -0.793198337452 4.74412223951
-49.8867980643 -2.3764010826 4.80758875777
-49.6859722169 -3.95003489933 4.87105527602
-49.3857446721 -5.50776331966 4.93452179427
-48.9873243404 -7.04331392104 4.99798831253
-48.4923155196 -8.55050358314 5.06145483078
-47.9027114358 -10.0232633852 5.12492134904
-47.2208862164 -11.4556630432 5.18838786729
-46.4495853309 -12.8419347893 5.25185438555
-45.5919145357 -14.1764965966 5.3153209038
-44.6513273686 -15.4539746555 5.37878742206
-43.6316112419 -16.6692250129 5.44225394031
-42.5368721927 -17.8173542845 5.50572045856
-41.3715183486 -18.8937393589 5.56918697682
-40.1402421784 -19.8940460133 5.63265349507
-38.8480015967 -20.8142463659 5.69612001333
-37.5 -21.6506350946 5.75958653158
-36.1016653151 -22.3998443573 5.82305304984
-34.6586281423 -23.0588573526 5.88651956809
-33.1766990829 -23.6250204679 5.94998608634
-31.6618453423 -24.096053964 6.0134526046
-30.1201667016 -24.4700611554 6.07691912285
-28.5578709568 -24.745536047 6.14038564111
-26.9812489214 -24.9213693988 6.20385215936
-25.3966490959 -24.9968531918 6.26731867762
-23.8104521044 -24.9716834796 6.33078519587
-22.2290450025 -24.8459616115 6.39425171412
-20.6587955583 -24.6201938253 6.45771823238
-19.1060266123 -24.2952892081 6.52118475063
-17.5769906168 -23.8725560361 6.58465126889
-16.0778444602 -23.3536965066 6.64811778714
-14.614624675 -22.7407998839 6.7115843054
-13.1932231307 -22.0363340862 6.77505082365
-11.8193633097 -21.2431357487 6.83851734191
-10.4985772607 -20.3643988013 6.90198386016
-9.23618332289 -19.4036616073 6.96545037841
-8.03726471107 -18.3647927164 7.02891689667
-6.90664904737 -17.2519752871 7.09238341492
-5.84888892203 -16.0696902422 7.15584993318
-4.86824356172 -14.8226982264 7.21931645143
-3.96866167922 -13.5160204364 7.28278296969
-3.15376557326 -12.1549184025 7.34624948794
-2.42683654283 -10.7448728022 7.40971600619
-1.7908016746 -9.29156139151 7.47318252445
-1.24822205648 -7.80083614246 7.5366490427
-0.801282465091 -6.27869967953 7.60011556096
-0.451782568432 -4.73128110901 7.66358207921
-0.20112967923 -3.16481133934 7.72704859747
-0.0503330882029 -1.58559799141 7.79051511572
0.0 -6.12323399574e-15 7.85398163397
