-5.0 0.0 1
-5.16419972354 2.55754323369 1
-5.65410273922 5.07309167819 1
-6.46166485308 7.50534009759 1
-7.57362591753 9.81435104008 1
-8.97172756264 11.9622106098 1
-10.633012998 13.9136510121 1
-12.5302039628 15.6366296494 1
-14.6321486338 17.1028552601 1
-16.9043331376 18.2882524603 1
-19.3094482674 19.1733570607 1
-21.8080020993 19.7436356683 1
-24.3589684486 19.989724324 1
-26.9204605182 19.907582259 1
-29.4504186791 19.4985582436 1
-31.9073010884 18.769368441 1
-34.2507658048 17.7319861275 1
-36.4423332024 16.4034450919 1
-38.4460178052 14.8055599415 1
-40.2289191674 12.9645679062 1
-41.7617620978 10.9106980242 1
-43.019377358 8.67767478235 1
-43.9811149402 6.30216436047 1
-44.6311831398 3.82317257403 1
-44.958907855 1.28140439961 1
-44.958907855 -1.28140439961 1
-44.6311831398 -3.82317257403 1
-43.9811149402 -6.30216436047 1
-43.019377358 -8.67767478235 1
-41.7617620978 -10.9106980242 1
-40.2289191674 -12.9645679062 1
-38.4460178052 -14.8055599415 1
-36.4423332024 -16.4034450919 1
-34.2507658048 -17.7319861275 1
-31.9073010884 -18.769368441 1
-29.4504186791 -19.4985582436 1
-26.9204605182 -19.907582259 1
-24.3589684486 -19.989724324 1
-21.8080020993 -19.7436356683 1
-19.3094482674 -19.1733570607 1
-16.9043331376 -18.2882524603 1
-14.6321486338 -17.1028552601 1
-12.5302039628 -15.6366296494 1
-10.633012998 -13.9136510121 1
-8.97172756264 -11.9622106098 1
-7.57362591753 -9.81435104008 1
-6.46166485308 -7.50534009759 1
-5.65410273922 -5.07309167819 1
-5.16419972354 -2.55754323369 1
-5.0 -4.89858719659e-15 1
5.0 0.0 0
4.7537004147 3.83631485054 0
4.01884589117 7.60963751729 0
2.80750272038 11.2580101464 0
1.1395611237 14.7215265601 0
-0.957591343961 17.9433159147 0
-3.44951949707 20.8704765181 0
-6.29530594424 23.454944474 0
-9.44822295068 25.6542828902 0
-12.8564997063 27.4323786905 0
-16.4641724011 28.7600355911 0
-20.212003149 29.6154535024 0
-24.0384526729 29.984586486 0
-27.8806907772 29.8613733885 0
-31.6756280187 29.2478373655 0
-35.3609516326 28.1540526615 0
-38.8761487072 26.5979791912 0
-42.1634998037 24.6051676379 0
-45.1690267078 22.2083399123 0
-47.8433787511 19.4468518592 0
-50.1426431468 16.3660470363 0
-52.0290660371 13.0165121735 0
-53.4716724103 9.45324654071 0
-54.4467747097 5.73475886104 0
-54.9383617825 1.92210659942 0
-54.9383617825 -1.92210659942 0
-54.4467747097 -5.73475886104 0
-53.4716724103 -9.45324654071 0
-52.0290660371 -13.0165121735 0
-50.1426431468 -16.3660470363 0
-47.8433787511 -19.4468518592 0
-45.1690267078 -22.2083399123 0
-42.1634998037 -24.6051676379 0
-38.8761487072 -26.5979791912 0
-35.3609516326 -28.1540526615 0
-31.6756280187 -29.2478373655 0
-27.8806907772 -29.8613733885 0
-24.0384526729 -29.984586486 0
-20.212003149 -29.6154535024 0
-16.4641724011 -28.7600355911 0
-12.8564997063 -27.4323786905 0
-9.44822295068 -25.6542828902 0
-6.29530594424 -23.454944474 0
-3.44951949707 -20.8704765181 0
-0.957591343961 -17.9433159147 0
1.1395611237 -14.7215265601 0
2.80750272038 -11.2580101464 0
4.01884589117 -7.60963751729 0
4.7537004147 -3.83631485054 0
5.0 -7.34788079488e-15 0
